100
11110000111010111110110010111001000011000101010010
17
11011010000100000110001100011011011110100100101000
37
10110100101100000011011100010011000011100011011011
23
00001000011100110001000011000100000000111110011000
33
11010010010001011110110110101110010111110100001101
33
11100111111010110001010100011011100101100110110010
22
11001110001110011011101100000011101000011110011101
24
00101011000010111001011000010000100101110001001110
0
11110100010011101111010100001111011111010010110100
6
10101110000010100001001001100011111001110011110001
2
01111011111100001110110110100110000000110011001101
46
00011000011111001110100011111101010010110000111001
1
11110010011111011000100001000110101000101101110111
7
11010110010001100010011011001011010101001010010100
27
00111100101111110101101010000011001000110110011100
5
10111001110001111111101100110101100110011001001100
8
11101001101111101110110000000000001110001110011011
2
11000000100000101111000110010101100001000110000111
23
00111111010011011100011111110101110010111000000011
18
01010110011101000101011001010001011111011110111101
8
01001011111110111011100010101100100111010011111001
20
11100111000111110101111100011010100111011100100000
37
10101001110000100001100000010001010100001101101000
6
10110100011111000001000011101001111110100110000000
31
00011011010101110010001100111101100110010000000001
42
10000001110001110100100100001001010010010111010101
27
10101000110010000010111011110000011010011111001100
17
10001111000010110110001100001001100110100001011010
5
11110111011000011110001001100100111111110001001100
5
11101000011011110000011110110100111000100011010101
27
10100101011110010000100010110110100010000000001001
0
11101010000010000010110000001011110101000101100110
29
00110101001111000001111010100000111001100110001000
37
00100101000001100100011001010001001001010111010010
26
01000101011101111110011100000100010111010001010011
27
10101001010010010110011010111111001100100010100100
20
11011111110000101110001100010110100010000001001110
15
11111110011001001100000001001111110000110100010011
9
11100000110000100100000100101010000111001111100001
36
11100010000101010101110101101111101111010110101000
22
00000010101101110100001110011001110011110011100010
34
10011101100110000011100100000011100010110001000011
3
11010111100101100100101001011110011010101110110100
0
00011111111101001110100010100001001111011100010000
25
00001000000001101111000100011010000001000110110100
49
10010101010010000100100111010010010111010010101011
47
01011000111000100111010010011111010100011100100100
28
11010110000110111110000001100001101111110100010010
25
10000110001110001100110110001111011011111011110110
19
10000100000100101000001010001000101000100000001110
50
01100011100001010000110001010111100110100101001000
0
00110111101110111110100110110010011011011011100001
1
00111010101101110101010111101101011000100101111010
49
00011001011101001010101101101101010111111010000110
42
11100011110111000100000010001100111001010001000110
0
11111110001111010110110001111100001101101100101101
35
11110101001111000111110001001100001001000100100110
42
10000110101111100011101001001011110000011010110100
25
00001101001101011110110111101011100011011111101101
6
01011111000111000011001010101000000011111010111100
24
10011110000001010011011100100101100011011110010100
36
11101000100111011111110000000000101100010101011010
0
01100100111001101110111010101110001000100110101010
13
11010011001110010010010101010101001101010111000110
17
10100010000110100111110101000100010000000000000010
1
11100110100001111100101101111011011100110101011100
15
11001000000011100100111011001011001001111001010000
28
01010111001010000000000110001011011100010111100100
49
11101111010010001101001110100110001010101111000100
0
00110100111001011111101001100111101011100000000111
40
01011100001100000101111100101000001100100001100011
42
01011010100110011110010001010110110011111000011111
13
10111000110101001110011001111111011100001101101010
21
01011001110110000000011111000111001000111100111000
32
00000011100010000001011010011001111000111011010110
1
01111000100101100010010101011000100111011000111100
0
11010001100110011010010101100011101010101111001101
25
01110011111001011000110100011010010010111110010111
30
11110101000110100101101010010100001111000010010010
27
10011101011110100010010101000101000010111000100100
0
00010111010101010100111110110100011001110000001111
42
00111100100101100001010111011011010111110010001100
36
11111101011011100001110000000101111000011011101101
41
10111110101100001100001100010010010110010110001110
15
10000111011011100011100011010011110010110100110100
24
11001110111000010010000101011010100110001011001101
26
00111111010010000010011111000111110111011111010110
25
00101010100111110100100100101010100010100110011101
2
01011011011101101010110101011110000011110000101111
0
10011100101100010010011110100100101000010101000010
10
00100110001100100011010101000101110001000011100000
0
11000010100111100110110110110010101011001000101100
17
11001101001100110110001110011000010100000101101011
33
11001101111001110010110111101110001000101110011010
17
00111101101110100101101000111100011000000100101010
0
11000110101101101111111010000011001000111111010010
16
10100100001111001000101101010010011011000001001101
13
00111000110000110100011010010100011100010010111011
0
00100100000111111011100100111111001101100001010100
40
00010000111011111011000000110000100100011101101000
45
